1,2470,387.83,158.47,100.51,182.14,1,-1,-1,-1
1,2469,477.42,133.57,60.97,206.67,1,-1,-1,-1
2,2470,415.57,156.44,91.03,180.40,1,-1,-1,-1
2,2469,499.91,136.94,64.18,207.70,1,-1,-1,-1
3,2470,423.52,157.99,85.95,179.82,1,-1,-1,-1
3,2469,500.92,125.44,67.83,208.26,1,-1,-1,-1
4,2470,436.54,153.57,84.67,188.92,1,-1,-1,-1
4,2469,514.20,133.49,62.46,207.22,1,-1,-1,-1
5,2470,453.58,154.32,74.00,185.24,1,-1,-1,-1
5,2469,522.13,126.29,73.69,220.39,1,-1,-1,-1
6,2470,462.44,155.01,79.30,187.09,1,-1,-1,-1
6,2469,534.99,137.71,69.92,214.00,1,-1,-1,-1
7,2470,477.45,150.89,76.65,191.50,1,-1,-1,-1
7,2469,548.71,138.48,67.79,208.48,1,-1,-1,-1
8,2470,490.84,153.68,73.22,184.48,1,-1,-1,-1
8,2469,558.53,139.62,64.18,200.59,1,-1,-1,-1
9,2470,504.86,160.02,70.40,183.50,1,-1,-1,-1
9,2469,574.82,139.72,60.21,199.61,1,-1,-1,-1
10,2470,520.50,156.07,72.09,186.34,1,-1,-1,-1
10,2469,583.58,135.56,60.92,200.21,1,-1,-1,-1
11,2470,531.41,157.16,75.56,185.90,1,-1,-1,-1
11,2469,600.16,143.22,60.16,197.30,1,-1,-1,-1
12,2470,546.49,155.30,78.31,190.25,1,-1,-1,-1
12,2469,613.74,146.24,60.93,199.48,1,-1,-1,-1
13,2470,559.85,154.16,88.45,199.84,1,-1,-1,-1
13,2469,627.82,149.33,64.08,201.97,1,-1,-1,-1
14,2471,257.83,133.24,74.49,177.39,1,-1,-1,-1
14,2470,574.08,157.13,85.97,198.52,1,-1,-1,-1
14,2469,642.70,151.60,60.87,203.93,1,-1,-1,-1
15,2472,492.85,138.56,32.72,59.98,1,-1,-1,-1
15,2471,272.46,135.35,73.85,164.54,1,-1,-1,-1
15,2470,591.85,153.14,83.97,203.20,1,-1,-1,-1
15,2469,654.87,151.05,63.37,207.44,1,-1,-1,-1
16,2471,280.98,139.74,78.83,179.32,1,-1,-1,-1
16,2470,594.36,151.38,84.48,203.30,1,-1,-1,-1
16,2469,662.97,148.59,66.34,211.64,1,-1,-1,-1
17,2471,292.59,126.38,85.32,202.62,1,-1,-1,-1
17,2470,601.91,146.69,100.03,211.37,1,-1,-1,-1
17,2469,677.36,145.44,70.36,212.10,1,-1,-1,-1
18,2474,492.30,131.73,36.24,71.15,1,-1,-1,-1
18,2471,306.32,122.43,91.64,213.10,1,-1,-1,-1
18,2470,611.62,147.23,99.39,213.82,1,-1,-1,-1
18,2469,691.98,147.86,71.12,214.31,1,-1,-1,-1
19,2471,307.42,104.67,102.55,229.63,1,-1,-1,-1
19,2470,624.85,150.81,97.25,212.81,1,-1,-1,-1
19,2469,701.22,146.18,71.52,212.01,1,-1,-1,-1
20,2471,327.98,116.74,93.05,214.38,1,-1,-1,-1
20,2470,644.53,149.46,89.90,210.19,1,-1,-1,-1
20,2469,714.91,136.49,69.46,209.89,1,-1,-1,-1
21,2471,344.43,122.19,88.56,214.59,1,-1,-1,-1
21,2470,657.87,148.95,87.43,213.86,1,-1,-1,-1
21,2469,722.91,139.02,75.68,218.41,1,-1,-1,-1
22,2479,282.80,129.51,79.69,213.41,1,-1,-1,-1
22,2478,1026.38,143.84,115.51,228.53,1,-1,-1,-1
22,2471,356.84,130.71,86.32,212.81,1,-1,-1,-1
22,2470,678.91,148.61,98.66,211.72,1,-1,-1,-1
23,2479,298.71,124.44,77.33,212.99,1,-1,-1,-1
23,2478,990.27,146.12,123.50,231.55,1,-1,-1,-1
23,2471,381.75,126.96,86.29,210.87,1,-1,-1,-1
23,2470,696.94,149.26,104.25,213.73,1,-1,-1,-1
24,2481,515.17,137.10,32.25,62.11,1,-1,-1,-1
24,2479,311.81,128.23,80.06,209.53,1,-1,-1,-1
24,2478,963.45,149.45,116.05,225.84,1,-1,-1,-1
24,2471,393.81,134.66,84.83,201.64,1,-1,-1,-1
24,2470,708.91,146.92,110.54,219.14,1,-1,-1,-1
25,2481,519.88,132.29,28.79,58.09,1,-1,-1,-1
25,2479,321.69,119.40,85.25,220.25,1,-1,-1,-1
25,2478,933.88,149.79,108.79,215.30,1,-1,-1,-1
25,2471,394.91,132.41,88.23,200.67,1,-1,-1,-1
25,2470,722.36,144.23,103.56,217.90,1,-1,-1,-1
26,2482,810.85,140.80,73.22,211.57,1,-1,-1,-1
26,2481,511.57,138.23,33.54,52.19,1,-1,-1,-1
26,2479,332.31,121.15,81.75,215.60,1,-1,-1,-1
26,2478,913.37,151.99,97.97,210.93,1,-1,-1,-1
26,2471,421.54,136.90,82.38,194.97,1,-1,-1,-1
26,2470,741.62,142.88,99.88,216.64,1,-1,-1,-1
27,2482,827.01,134.43,74.81,221.65,1,-1,-1,-1
27,2481,510.83,138.20,31.46,55.81,1,-1,-1,-1
27,2479,339.22,122.87,82.20,214.42,1,-1,-1,-1
27,2478,891.96,150.83,96.34,212.91,1,-1,-1,-1
27,2471,436.00,136.31,77.76,195.85,1,-1,-1,-1
27,2470,751.56,144.12,106.19,214.87,1,-1,-1,-1
28,2481,515.98,141.01,31.14,59.27,1,-1,-1,-1
28,2479,347.47,123.77,86.60,220.08,1,-1,-1,-1
28,2478,862.54,153.99,92.71,211.32,1,-1,-1,-1
28,2471,445.08,138.55,78.97,194.44,1,-1,-1,-1
28,2470,760.18,150.91,115.57,206.62,1,-1,-1,-1
29,2481,513.23,144.74,29.93,59.56,1,-1,-1,-1
29,2479,366.11,123.67,81.98,217.91,1,-1,-1,-1
29,2478,854.07,147.13,87.66,210.09,1,-1,-1,-1
29,2471,461.85,141.87,74.89,193.17,1,-1,-1,-1
29,2470,771.86,156.32,124.49,203.80,1,-1,-1,-1
30,2479,378.38,129.03,78.51,216.45,1,-1,-1,-1
30,2471,481.81,141.03,71.66,197.42,1,-1,-1,-1
30,2470,791.15,156.94,114.02,203.82,1,-1,-1,-1
31,2479,390.44,134.01,80.26,218.46,1,-1,-1,-1
31,2471,494.92,144.91,68.07,195.35,1,-1,-1,-1
31,2470,796.04,159.28,105.61,197.48,1,-1,-1,-1
32,2479,394.65,129.49,82.20,216.38,1,-1,-1,-1
32,2471,505.24,143.63,64.04,192.25,1,-1,-1,-1
32,2470,832.88,152.72,111.55,207.32,1,-1,-1,-1
33,2485,937.68,152.34,89.04,193.03,1,-1,-1,-1
33,2479,415.78,128.65,79.09,213.36,1,-1,-1,-1
33,2471,521.01,145.38,61.60,195.08,1,-1,-1,-1
33,2470,862.54,149.06,114.39,213.85,1,-1,-1,-1
34,2479,430.33,127.96,74.69,212.83,1,-1,-1,-1
34,2471,536.63,144.10,67.39,194.45,1,-1,-1,-1
34,2470,894.75,146.29,131.20,220.05,1,-1,-1,-1
35,2486,711.96,150.99,82.30,206.85,1,-1,-1,-1
35,2479,441.03,123.69,75.63,218.29,1,-1,-1,-1
35,2471,547.89,144.95,70.42,198.24,1,-1,-1,-1
35,2470,924.41,145.24,136.42,221.23,1,-1,-1,-1
36,2486,686.37,146.97,88.85,206.22,1,-1,-1,-1
36,2479,454.88,125.03,78.36,223.48,1,-1,-1,-1
36,2471,561.02,148.45,70.01,196.52,1,-1,-1,-1
36,2470,947.54,141.43,144.43,225.88,1,-1,-1,-1
37,2486,669.79,159.80,80.02,197.17,1,-1,-1,-1
37,2479,467.45,127.67,77.78,219.79,1,-1,-1,-1
37,2471,576.90,156.45,67.42,198.16,1,-1,-1,-1
37,2470,967.76,140.70,144.24,227.79,1,-1,-1,-1
38,2486,650.08,156.70,73.06,189.51,1,-1,-1,-1
38,2479,482.41,132.26,75.23,217.12,1,-1,-1,-1
38,2471,589.27,154.95,69.24,197.81,1,-1,-1,-1
38,2470,992.33,142.69,142.41,222.61,1,-1,-1,-1
39,2479,496.18,136.15,73.34,215.62,1,-1,-1,-1
39,2471,606.29,152.34,77.39,203.56,1,-1,-1,-1
39,2470,1017.33,139.67,151.76,225.36,1,-1,-1,-1
40,2479,517.10,130.69,72.66,208.89,1,-1,-1,-1
40,2471,620.17,152.09,81.35,199.35,1,-1,-1,-1
40,2470,1050.15,141.61,151.66,223.86,1,-1,-1,-1
41,2479,527.93,143.73,74.94,212.31,1,-1,-1,-1
41,2471,635.86,148.15,80.95,199.98,1,-1,-1,-1
41,2470,1070.33,139.74,153.18,218.45,1,-1,-1,-1
42,2479,542.40,142.79,87.14,214.31,1,-1,-1,-1
42,2471,646.42,146.87,77.26,199.86,1,-1,-1,-1
42,2470,1094.98,139.27,143.48,221.25,1,-1,-1,-1
43,2479,551.57,142.41,87.03,210.36,1,-1,-1,-1
43,2471,666.27,153.82,74.84,200.54,1,-1,-1,-1
43,2470,1121.86,145.69,126.41,216.86,1,-1,-1,-1
44,2479,581.94,139.08,78.43,207.95,1,-1,-1,-1
44,2471,675.18,150.06,83.66,209.67,1,-1,-1,-1
44,2470,1147.32,140.53,106.16,217.53,1,-1,-1,-1
45,2479,593.95,136.01,81.03,218.77,1,-1,-1,-1
45,2471,691.42,153.49,85.33,206.11,1,-1,-1,-1
46,2479,614.45,137.26,78.99,218.08,1,-1,-1,-1
46,2471,707.38,152.56,87.20,206.82,1,-1,-1,-1
47,2488,484.90,152.72,58.39,163.93,1,-1,-1,-1
47,2479,631.83,130.28,79.05,225.62,1,-1,-1,-1
47,2471,719.22,152.64,88.42,210.01,1,-1,-1,-1
48,2488,458.55,145.30,60.63,177.39,1,-1,-1,-1
48,2479,642.09,134.00,88.87,226.43,1,-1,-1,-1
48,2471,733.52,147.64,87.51,214.36,1,-1,-1,-1
49,2489,551.86,137.72,29.86,76.01,1,-1,-1,-1
49,2488,429.93,144.52,76.94,184.68,1,-1,-1,-1
49,2479,663.89,130.59,88.91,232.48,1,-1,-1,-1
49,2471,753.11,142.84,88.05,217.04,1,-1,-1,-1
50,2488,410.60,145.49,78.15,185.50,1,-1,-1,-1
50,2479,681.28,126.54,86.35,236.69,1,-1,-1,-1
50,2471,767.78,139.18,90.00,218.88,1,-1,-1,-1
51,2492,522.83,133.98,24.65,74.19,1,-1,-1,-1
51,2491,582.78,136.01,31.99,73.62,1,-1,-1,-1
51,2488,386.63,133.76,82.46,195.78,1,-1,-1,-1
51,2479,697.95,121.04,90.25,243.32,1,-1,-1,-1
51,2471,789.36,138.06,89.14,224.03,1,-1,-1,-1
52,2492,513.97,131.94,27.34,77.27,1,-1,-1,-1
52,2491,580.86,142.16,35.10,78.59,1,-1,-1,-1
52,2488,367.00,138.10,83.45,196.01,1,-1,-1,-1
52,2479,711.12,113.54,97.21,251.49,1,-1,-1,-1
52,2471,817.92,139.21,86.43,222.30,1,-1,-1,-1
53,2495,529.07,133.78,32.96,79.60,1,-1,-1,-1
53,2492,511.88,134.77,27.73,74.08,1,-1,-1,-1
53,2491,579.76,147.87,34.82,78.18,1,-1,-1,-1
53,2488,334.68,120.38,102.43,221.92,1,-1,-1,-1
53,2479,727.55,114.45,98.82,250.90,1,-1,-1,-1
53,2471,843.85,136.96,85.07,222.75,1,-1,-1,-1
54,2496,564.25,139.64,28.26,78.44,1,-1,-1,-1
54,2495,528.22,131.14,28.87,72.13,1,-1,-1,-1
54,2492,512.64,137.39,27.12,69.91,1,-1,-1,-1
54,2491,581.98,142.69,32.66,74.37,1,-1,-1,-1
54,2488,314.94,104.73,113.22,234.62,1,-1,-1,-1
54,2479,745.57,118.88,100.23,250.52,1,-1,-1,-1
54,2471,865.48,133.57,82.67,221.64,1,-1,-1,-1
55,2496,558.50,138.25,26.84,76.34,1,-1,-1,-1
55,2495,523.85,129.99,32.71,78.38,1,-1,-1,-1
55,2491,588.87,138.68,35.50,79.73,1,-1,-1,-1
55,2488,304.11,102.35,104.21,229.91,1,-1,-1,-1
55,2479,767.21,113.11,101.35,254.79,1,-1,-1,-1
55,2471,890.03,135.18,93.65,217.26,1,-1,-1,-1
56,2496,550.36,133.12,28.90,78.88,1,-1,-1,-1
56,2495,527.08,133.53,30.93,73.95,1,-1,-1,-1
56,2491,597.74,140.24,35.85,80.27,1,-1,-1,-1
56,2488,296.64,118.24,94.88,219.46,1,-1,-1,-1
56,2479,789.77,111.46,106.48,249.64,1,-1,-1,-1
56,2471,913.09,141.69,109.27,215.81,1,-1,-1,-1
57,2496,555.34,137.32,32.66,85.55,1,-1,-1,-1
57,2495,533.04,138.75,33.83,78.93,1,-1,-1,-1
57,2491,598.87,143.54,35.13,79.22,1,-1,-1,-1
57,2488,279.22,120.71,94.34,213.83,1,-1,-1,-1
57,2479,814.92,110.11,106.55,254.21,1,-1,-1,-1
57,2471,934.02,139.18,111.90,220.32,1,-1,-1,-1
58,2496,555.31,134.05,35.53,89.63,1,-1,-1,-1
58,2495,533.06,134.73,34.25,79.31,1,-1,-1,-1
58,2491,601.18,142.87,35.75,81.25,1,-1,-1,-1
58,2488,268.95,128.23,93.21,210.79,1,-1,-1,-1
58,2479,838.68,108.84,103.90,256.94,1,-1,-1,-1
58,2471,962.92,138.89,118.56,214.12,1,-1,-1,-1
59,2495,538.32,130.68,34.96,79.60,1,-1,-1,-1
59,2491,601.14,143.01,34.78,79.94,1,-1,-1,-1
59,2488,255.22,130.33,88.23,211.71,1,-1,-1,-1
59,2479,860.65,110.54,111.02,254.62,1,-1,-1,-1
59,2471,989.07,130.66,112.27,212.64,1,-1,-1,-1
60,2495,543.09,137.32,35.78,80.87,1,-1,-1,-1
60,2491,602.28,143.63,35.74,83.38,1,-1,-1,-1
60,2488,243.64,130.83,84.14,200.85,1,-1,-1,-1
60,2479,892.62,107.88,109.40,258.29,1,-1,-1,-1
60,2471,1021.11,133.90,104.70,208.58,1,-1,-1,-1
61,2495,542.14,132.73,35.91,80.30,1,-1,-1,-1
61,2491,605.51,147.30,35.33,82.96,1,-1,-1,-1
61,2479,923.11,101.28,113.90,261.34,1,-1,-1,-1
61,2471,1051.78,135.63,100.41,201.37,1,-1,-1,-1
62,2495,541.44,132.09,34.41,80.32,1,-1,-1,-1
62,2491,612.35,152.61,36.09,80.77,1,-1,-1,-1
62,2479,946.76,99.29,115.20,264.56,1,-1,-1,-1
62,2471,1088.45,139.98,97.46,198.03,1,-1,-1,-1
63,2495,541.63,136.20,34.39,77.93,1,-1,-1,-1
63,2491,611.03,154.25,38.89,83.70,1,-1,-1,-1
63,2479,980.01,94.05,120.94,270.37,1,-1,-1,-1
63,2471,1124.08,137.41,95.95,206.07,1,-1,-1,-1
64,2495,547.14,137.97,34.16,79.26,1,-1,-1,-1
64,2491,616.73,151.54,37.64,82.85,1,-1,-1,-1
64,2479,1012.91,97.78,121.40,270.26,1,-1,-1,-1
64,2471,1152.89,140.37,85.31,210.58,1,-1,-1,-1
65,2495,544.13,136.87,33.78,77.31,1,-1,-1,-1
65,2491,622.44,147.74,39.78,88.97,1,-1,-1,-1
65,2479,1045.06,97.06,125.79,272.09,1,-1,-1,-1
66,2495,547.42,137.97,33.48,79.05,1,-1,-1,-1
66,2491,627.50,151.57,42.37,93.71,1,-1,-1,-1
66,2479,1079.85,93.14,130.95,269.33,1,-1,-1,-1
67,2495,546.42,139.17,35.49,79.24,1,-1,-1,-1
67,2491,634.00,150.13,46.37,97.90,1,-1,-1,-1
67,2479,1115.37,103.73,120.31,266.53,1,-1,-1,-1
68,2495,546.56,138.42,33.96,78.22,1,-1,-1,-1
68,2491,636.77,151.28,47.18,101.80,1,-1,-1,-1
68,2479,1148.65,123.88,101.44,258.13,1,-1,-1,-1
69,2504,558.30,134.15,35.60,91.38,1,-1,-1,-1
69,2495,541.85,139.47,31.92,78.16,1,-1,-1,-1
69,2491,637.96,148.29,48.67,107.45,1,-1,-1,-1
70,2504,567.67,136.40,36.80,91.74,1,-1,-1,-1
70,2495,546.88,137.82,30.60,75.71,1,-1,-1,-1
70,2491,642.07,146.68,49.09,110.04,1,-1,-1,-1
71,2504,568.82,132.34,38.70,95.89,1,-1,-1,-1
71,2495,547.28,136.59,29.95,74.60,1,-1,-1,-1
71,2491,645.85,148.59,49.24,110.71,1,-1,-1,-1
72,2504,573.18,131.76,35.00,92.58,1,-1,-1,-1
72,2495,541.84,139.24,29.44,72.51,1,-1,-1,-1
72,2491,649.32,150.51,49.23,110.75,1,-1,-1,-1
73,2505,592.38,149.23,29.37,73.24,1,-1,-1,-1
73,2495,546.03,138.30,29.51,72.08,1,-1,-1,-1
73,2491,654.66,150.20,49.50,109.92,1,-1,-1,-1
74,2505,593.59,142.35,29.27,74.55,1,-1,-1,-1
74,2495,547.80,140.34,36.60,82.68,1,-1,-1,-1
74,2491,659.96,150.54,50.95,110.71,1,-1,-1,-1
75,2505,596.67,140.18,28.19,71.22,1,-1,-1,-1
75,2495,551.22,136.62,36.36,82.64,1,-1,-1,-1
75,2491,668.68,150.43,50.84,108.35,1,-1,-1,-1
76,2505,600.08,144.59,29.49,70.27,1,-1,-1,-1
76,2495,553.86,139.99,37.49,85.56,1,-1,-1,-1
76,2491,674.24,150.27,52.76,112.53,1,-1,-1,-1
77,2505,599.42,153.56,30.05,72.10,1,-1,-1,-1
77,2495,553.29,142.89,36.07,84.46,1,-1,-1,-1
77,2491,685.35,155.39,53.77,112.54,1,-1,-1,-1
78,2505,606.24,145.89,28.95,69.15,1,-1,-1,-1
78,2495,553.64,139.50,37.79,85.75,1,-1,-1,-1
78,2491,689.43,156.27,53.39,113.63,1,-1,-1,-1
79,2505,608.37,141.66,30.66,71.03,1,-1,-1,-1
79,2495,553.51,138.16,37.85,88.91,1,-1,-1,-1
79,2491,696.38,156.06,52.18,121.28,1,-1,-1,-1
80,2505,607.26,147.12,32.10,73.31,1,-1,-1,-1
80,2495,557.27,139.37,37.52,89.61,1,-1,-1,-1
80,2491,702.00,154.87,56.16,123.57,1,-1,-1,-1
81,2505,615.20,147.69,31.52,73.52,1,-1,-1,-1
81,2495,557.66,136.29,37.90,93.29,1,-1,-1,-1
81,2491,708.38,156.26,56.27,127.51,1,-1,-1,-1
82,2507,679.64,151.77,33.02,85.62,1,-1,-1,-1
82,2505,619.75,150.95,31.38,72.90,1,-1,-1,-1
82,2495,555.28,136.27,44.75,98.54,1,-1,-1,-1
82,2491,709.79,152.47,62.41,140.69,1,-1,-1,-1
83,2507,677.65,143.93,32.28,85.54,1,-1,-1,-1
83,2505,619.45,143.32,34.24,81.29,1,-1,-1,-1
83,2495,554.03,131.94,49.95,97.82,1,-1,-1,-1
83,2491,717.32,152.70,62.28,141.83,1,-1,-1,-1
84,2507,683.28,147.41,30.56,82.30,1,-1,-1,-1
84,2505,623.35,148.30,33.23,82.08,1,-1,-1,-1
84,2495,553.09,130.22,48.46,101.20,1,-1,-1,-1
84,2491,730.60,145.52,62.86,151.98,1,-1,-1,-1
85,2507,679.89,148.24,33.16,81.18,1,-1,-1,-1
85,2505,631.82,150.80,32.68,79.37,1,-1,-1,-1
85,2495,557.64,131.58,47.75,102.55,1,-1,-1,-1
85,2491,736.15,136.39,66.97,158.39,1,-1,-1,-1
86,2507,683.17,156.23,33.66,77.15,1,-1,-1,-1
86,2505,630.62,152.46,35.34,83.68,1,-1,-1,-1
86,2495,555.68,134.70,51.33,103.20,1,-1,-1,-1
86,2491,738.74,142.31,66.53,164.73,1,-1,-1,-1
87,2507,688.63,148.81,35.49,84.56,1,-1,-1,-1
87,2505,632.76,149.07,35.13,85.86,1,-1,-1,-1
87,2495,565.95,131.64,48.62,105.45,1,-1,-1,-1
87,2491,749.11,140.86,65.56,168.32,1,-1,-1,-1
88,2507,690.62,149.43,34.77,82.03,1,-1,-1,-1
88,2505,635.47,149.06,36.16,87.66,1,-1,-1,-1
88,2495,568.42,125.31,46.51,106.80,1,-1,-1,-1
88,2491,757.52,139.51,66.53,169.73,1,-1,-1,-1
89,2507,694.68,153.27,35.30,85.53,1,-1,-1,-1
89,2505,638.06,146.82,35.98,88.19,1,-1,-1,-1
89,2495,568.06,126.04,46.19,110.79,1,-1,-1,-1
89,2491,768.68,140.19,65.14,172.75,1,-1,-1,-1
90,2507,690.69,149.51,39.39,86.95,1,-1,-1,-1
90,2505,633.20,150.98,35.54,90.50,1,-1,-1,-1
90,2495,569.04,129.17,47.78,112.33,1,-1,-1,-1
90,2491,783.31,144.56,63.63,176.32,1,-1,-1,-1
91,2507,703.15,149.10,39.01,84.47,1,-1,-1,-1
91,2505,638.57,148.61,35.50,91.43,1,-1,-1,-1
91,2495,573.56,130.74,46.63,112.05,1,-1,-1,-1
91,2491,784.34,145.03,66.25,179.97,1,-1,-1,-1
92,2507,701.75,144.79,37.70,84.13,1,-1,-1,-1
92,2505,639.67,146.73,36.98,94.39,1,-1,-1,-1
92,2495,574.94,134.09,49.13,112.60,1,-1,-1,-1
92,2491,793.97,144.90,65.11,184.39,1,-1,-1,-1
93,2507,706.75,154.40,38.38,84.11,1,-1,-1,-1
93,2505,638.15,147.70,37.65,96.85,1,-1,-1,-1
93,2495,578.41,134.53,51.56,112.39,1,-1,-1,-1
93,2491,808.41,146.04,65.11,188.23,1,-1,-1,-1
94,2507,713.93,155.08,42.04,83.97,1,-1,-1,-1
94,2505,635.44,150.01,38.56,90.27,1,-1,-1,-1
94,2495,583.81,132.71,51.27,114.22,1,-1,-1,-1
94,2491,822.52,143.47,68.02,191.01,1,-1,-1,-1
95,2507,715.34,155.31,41.54,84.97,1,-1,-1,-1
95,2505,639.81,149.96,39.23,92.28,1,-1,-1,-1
95,2495,586.82,131.95,50.85,113.30,1,-1,-1,-1
95,2491,837.35,137.85,69.76,193.49,1,-1,-1,-1
96,2507,717.31,153.14,41.44,90.17,1,-1,-1,-1
96,2505,639.47,152.58,40.53,95.67,1,-1,-1,-1
96,2495,590.81,135.19,49.21,113.83,1,-1,-1,-1
96,2491,852.03,143.88,72.78,195.25,1,-1,-1,-1
97,2507,725.68,155.37,42.19,95.25,1,-1,-1,-1
97,2505,643.79,154.34,40.06,97.44,1,-1,-1,-1
97,2495,592.06,133.31,48.22,116.37,1,-1,-1,-1
97,2491,859.02,149.39,78.11,195.25,1,-1,-1,-1
98,2507,730.43,152.31,41.67,93.75,1,-1,-1,-1
98,2505,642.30,151.16,39.03,99.16,1,-1,-1,-1
98,2495,596.26,131.06,47.03,119.46,1,-1,-1,-1
98,2491,873.71,146.99,77.62,201.78,1,-1,-1,-1
99,2507,732.82,157.48,42.87,94.13,1,-1,-1,-1
99,2505,643.28,152.10,40.63,101.89,1,-1,-1,-1
99,2495,597.99,135.85,45.11,115.84,1,-1,-1,-1
99,2491,894.33,149.43,75.62,200.63,1,-1,-1,-1
100,2507,736.13,157.71,42.52,92.16,1,-1,-1,-1
100,2505,643.97,144.93,41.52,108.02,1,-1,-1,-1
100,2495,598.69,132.72,47.93,120.08,1,-1,-1,-1
100,2491,908.73,149.86,74.11,201.60,1,-1,-1,-1
101,2507,747.69,156.83,41.67,90.75,1,-1,-1,-1
101,2505,650.26,151.44,41.83,110.26,1,-1,-1,-1
101,2495,603.57,137.00,47.87,123.26,1,-1,-1,-1
101,2491,916.66,151.85,79.67,200.85,1,-1,-1,-1
102,2507,747.62,156.31,45.20,92.49,1,-1,-1,-1
102,2505,654.41,151.65,41.54,113.78,1,-1,-1,-1
102,2495,606.07,133.10,49.44,126.79,1,-1,-1,-1
102,2491,931.24,154.63,87.34,205.53,1,-1,-1,-1
103,2507,751.18,159.75,45.44,90.78,1,-1,-1,-1
103,2505,663.31,151.90,42.55,114.25,1,-1,-1,-1
103,2495,606.85,137.74,48.39,124.71,1,-1,-1,-1
103,2491,952.41,149.04,88.38,211.61,1,-1,-1,-1
104,2507,752.87,161.16,49.37,90.77,1,-1,-1,-1
104,2505,666.18,148.51,41.11,117.30,1,-1,-1,-1
104,2495,612.95,135.75,49.18,131.49,1,-1,-1,-1
104,2491,976.01,142.83,86.95,216.11,1,-1,-1,-1
105,2507,757.96,153.54,48.96,92.98,1,-1,-1,-1
105,2505,668.98,149.29,42.87,122.08,1,-1,-1,-1
105,2495,610.18,132.42,50.46,134.86,1,-1,-1,-1
105,2491,992.16,144.12,89.44,220.56,1,-1,-1,-1
106,2507,760.63,153.08,48.75,96.18,1,-1,-1,-1
106,2505,673.14,147.76,48.69,134.36,1,-1,-1,-1
106,2495,609.02,130.67,51.42,133.88,1,-1,-1,-1
106,2491,1009.15,144.72,96.40,223.40,1,-1,-1,-1
107,2507,766.08,151.66,48.20,102.39,1,-1,-1,-1
107,2505,676.66,150.93,48.98,132.19,1,-1,-1,-1
107,2495,618.99,130.31,51.00,137.98,1,-1,-1,-1
107,2491,1027.36,143.93,102.95,225.69,1,-1,-1,-1
108,2507,773.28,148.81,46.20,104.54,1,-1,-1,-1
108,2505,678.77,146.97,47.68,131.48,1,-1,-1,-1
108,2495,620.00,133.28,51.91,142.34,1,-1,-1,-1
108,2491,1051.65,145.16,105.88,225.95,1,-1,-1,-1
109,2507,781.88,156.86,48.10,106.38,1,-1,-1,-1
109,2505,682.98,147.61,48.40,136.89,1,-1,-1,-1
109,2495,621.18,132.51,53.69,151.16,1,-1,-1,-1
109,2491,1085.89,140.47,101.33,222.95,1,-1,-1,-1
110,2507,785.74,154.61,48.28,108.61,1,-1,-1,-1
110,2505,682.57,149.76,52.23,138.54,1,-1,-1,-1
110,2495,623.63,127.30,53.18,161.48,1,-1,-1,-1
110,2491,1117.05,141.78,99.19,224.91,1,-1,-1,-1
111,2507,789.47,156.34,47.20,109.17,1,-1,-1,-1
111,2505,688.84,156.16,50.47,137.15,1,-1,-1,-1
111,2495,628.53,133.36,55.41,163.80,1,-1,-1,-1
111,2491,1130.36,142.03,98.16,226.63,1,-1,-1,-1
112,2507,797.83,159.09,49.21,106.34,1,-1,-1,-1
112,2505,696.86,148.79,52.52,144.96,1,-1,-1,-1
112,2495,630.11,133.15,55.18,165.92,1,-1,-1,-1
112,2491,1152.85,148.69,86.76,224.42,1,-1,-1,-1
113,2507,800.94,160.84,51.99,107.04,1,-1,-1,-1
113,2505,699.61,149.72,51.93,150.87,1,-1,-1,-1
113,2495,634.64,134.67,53.53,169.34,1,-1,-1,-1
114,2507,810.90,160.24,51.89,112.60,1,-1,-1,-1
114,2505,705.38,145.09,54.66,159.34,1,-1,-1,-1
114,2495,640.10,135.92,55.86,173.74,1,-1,-1,-1
115,2507,813.78,155.50,52.74,114.30,1,-1,-1,-1
115,2505,710.44,146.62,55.05,162.32,1,-1,-1,-1
115,2495,642.93,127.32,58.28,181.77,1,-1,-1,-1
116,2507,823.99,157.63,52.18,117.28,1,-1,-1,-1
116,2505,709.94,147.80,57.04,166.70,1,-1,-1,-1
116,2495,641.22,131.97,62.39,177.60,1,-1,-1,-1
117,2507,830.32,157.03,50.64,115.89,1,-1,-1,-1
117,2505,718.99,152.74,60.44,170.16,1,-1,-1,-1
117,2495,645.88,137.04,64.12,175.41,1,-1,-1,-1
118,2507,843.63,159.78,51.02,112.66,1,-1,-1,-1
118,2505,721.95,151.41,58.76,170.56,1,-1,-1,-1
118,2495,651.15,137.02,64.77,177.58,1,-1,-1,-1
119,2507,848.81,162.36,51.28,118.19,1,-1,-1,-1
119,2505,728.99,150.90,57.08,175.68,1,-1,-1,-1
119,2495,656.93,139.94,63.33,186.09,1,-1,-1,-1
120,2507,854.08,157.83,53.51,128.70,1,-1,-1,-1
120,2505,732.81,153.73,57.43,177.99,1,-1,-1,-1
120,2495,661.56,132.39,63.53,188.01,1,-1,-1,-1
121,2507,862.31,156.93,54.05,131.71,1,-1,-1,-1
121,2505,737.92,151.13,58.17,182.80,1,-1,-1,-1
121,2495,665.00,133.16,61.84,190.48,1,-1,-1,-1
122,2507,873.38,157.35,60.34,135.35,1,-1,-1,-1
122,2505,742.20,151.15,57.88,185.55,1,-1,-1,-1
122,2495,673.25,131.66,62.94,196.23,1,-1,-1,-1
123,2507,885.16,155.52,59.86,134.91,1,-1,-1,-1
123,2505,751.05,153.68,59.29,187.66,1,-1,-1,-1
123,2495,675.69,138.80,63.96,195.45,1,-1,-1,-1
124,2507,897.02,160.39,60.03,140.77,1,-1,-1,-1
124,2505,753.66,154.23,59.46,192.60,1,-1,-1,-1
124,2495,683.65,136.39,62.20,202.45,1,-1,-1,-1
125,2507,904.72,160.76,64.33,143.77,1,-1,-1,-1
125,2505,762.71,155.28,64.98,197.74,1,-1,-1,-1
125,2495,692.54,137.38,65.89,207.94,1,-1,-1,-1
126,2507,918.79,162.68,59.73,148.41,1,-1,-1,-1
126,2505,772.50,158.10,63.86,198.15,1,-1,-1,-1
126,2495,698.25,127.87,69.00,213.98,1,-1,-1,-1
127,2507,931.12,155.23,60.68,152.01,1,-1,-1,-1
127,2505,777.21,162.10,65.98,200.24,1,-1,-1,-1
127,2495,704.37,137.98,75.03,208.32,1,-1,-1,-1
128,2507,942.88,158.02,64.04,152.66,1,-1,-1,-1
128,2505,790.14,160.22,68.36,199.50,1,-1,-1,-1
128,2495,709.56,134.01,74.14,217.79,1,-1,-1,-1
129,2507,955.47,158.98,64.54,158.44,1,-1,-1,-1
129,2505,792.26,163.22,69.50,201.40,1,-1,-1,-1
129,2495,711.34,129.47,77.25,226.68,1,-1,-1,-1
130,2507,970.03,155.68,62.41,154.57,1,-1,-1,-1
130,2505,801.52,164.71,68.39,203.34,1,-1,-1,-1
130,2495,724.35,130.89,75.62,227.22,1,-1,-1,-1
131,2507,979.01,154.39,65.21,161.42,1,-1,-1,-1
131,2505,808.32,161.13,69.20,207.09,1,-1,-1,-1
131,2495,730.68,129.72,76.03,229.12,1,-1,-1,-1
132,2507,991.87,152.30,71.81,159.96,1,-1,-1,-1
132,2505,820.23,159.57,69.33,209.45,1,-1,-1,-1
132,2495,737.65,126.82,77.15,235.74,1,-1,-1,-1
133,2507,1002.18,156.59,77.04,168.20,1,-1,-1,-1
133,2505,830.86,156.89,79.10,212.11,1,-1,-1,-1
133,2495,748.71,130.41,78.47,237.10,1,-1,-1,-1
134,2507,1025.28,154.02,75.08,163.77,1,-1,-1,-1
134,2505,843.29,159.89,81.15,211.38,1,-1,-1,-1
134,2495,758.15,125.26,81.31,241.97,1,-1,-1,-1
135,2507,1038.30,157.90,74.13,169.32,1,-1,-1,-1
135,2505,860.82,156.21,86.92,213.97,1,-1,-1,-1
135,2495,771.75,130.40,82.09,238.56,1,-1,-1,-1
136,2507,1053.83,154.98,77.77,164.46,1,-1,-1,-1
136,2505,873.57,153.51,85.20,211.31,1,-1,-1,-1
136,2495,782.58,125.16,86.15,239.45,1,-1,-1,-1
137,2507,1072.64,157.78,75.79,156.10,1,-1,-1,-1
137,2505,889.57,156.55,84.39,209.54,1,-1,-1,-1
137,2495,784.99,131.03,87.10,238.26,1,-1,-1,-1
138,2507,1088.78,163.38,76.81,165.77,1,-1,-1,-1
138,2505,909.86,158.24,78.46,209.61,1,-1,-1,-1
138,2495,783.82,130.02,95.79,236.95,1,-1,-1,-1
139,2507,1110.17,160.35,78.12,176.43,1,-1,-1,-1
139,2505,925.27,158.89,80.10,205.41,1,-1,-1,-1
139,2495,789.38,123.57,112.00,243.77,1,-1,-1,-1
140,2507,1124.89,154.02,82.93,177.08,1,-1,-1,-1
140,2505,939.16,162.31,88.24,202.21,1,-1,-1,-1
140,2495,800.20,115.51,109.15,247.60,1,-1,-1,-1
141,2507,1139.30,156.89,83.49,176.14,1,-1,-1,-1
141,2505,959.08,164.69,96.74,203.51,1,-1,-1,-1
141,2495,815.87,108.80,112.45,254.78,1,-1,-1,-1
142,2507,1159.37,149.56,74.86,176.23,1,-1,-1,-1
142,2505,982.43,160.68,97.53,206.18,1,-1,-1,-1
142,2495,835.51,109.92,113.36,256.90,1,-1,-1,-1
143,2505,1005.00,156.86,99.33,210.18,1,-1,-1,-1
143,2495,853.96,114.19,111.22,255.95,1,-1,-1,-1
144,2505,1039.42,160.24,103.11,209.70,1,-1,-1,-1
144,2495,877.47,116.13,113.54,255.10,1,-1,-1,-1
145,2505,1075.95,154.83,105.46,213.48,1,-1,-1,-1
145,2495,900.49,108.42,116.07,259.72,1,-1,-1,-1
