1,2436,136.72,190.03,41.27,176.15,1,-1,-1,-1
1,2435,155.33,202.13,56.16,161.99,1,-1,-1,-1
1,2434,203.98,207.15,45.55,133.83,1,-1,-1,-1
1,2433,378.62,188.92,166.43,234.13,1,-1,-1,-1
1,2432,56.69,144.23,93.56,295.91,1,-1,-1,-1
1,2431,281.93,187.47,79.93,209.54,1,-1,-1,-1
2,2436,148.05,203.70,38.96,161.35,1,-1,-1,-1
2,2435,168.08,225.55,49.87,134.75,1,-1,-1,-1
2,2434,215.38,214.21,38.94,128.54,1,-1,-1,-1
2,2433,396.82,179.78,153.45,243.34,1,-1,-1,-1
2,2432,56.91,143.86,98.19,305.55,1,-1,-1,-1
2,2431,271.55,194.00,84.90,201.97,1,-1,-1,-1
3,2436,143.51,192.07,46.54,175.10,1,-1,-1,-1
3,2435,172.95,218.88,51.63,138.54,1,-1,-1,-1
3,2434,216.36,199.38,43.61,144.93,1,-1,-1,-1
3,2433,409.86,173.97,135.91,241.59,1,-1,-1,-1
3,2432,66.72,149.31,103.44,299.78,1,-1,-1,-1
3,2431,265.68,188.28,77.41,195.13,1,-1,-1,-1
4,2436,153.04,199.66,41.57,156.57,1,-1,-1,-1
4,2435,176.19,212.05,54.21,147.44,1,-1,-1,-1
4,2434,223.42,207.83,40.61,137.34,1,-1,-1,-1
4,2433,418.29,172.66,133.57,249.70,1,-1,-1,-1
4,2432,67.14,143.81,116.18,314.36,1,-1,-1,-1
4,2431,262.36,194.49,77.54,196.07,1,-1,-1,-1
5,2435,180.82,212.48,54.89,148.71,1,-1,-1,-1
5,2434,228.72,210.71,41.39,136.97,1,-1,-1,-1
5,2433,430.19,168.81,130.57,255.83,1,-1,-1,-1
5,2432,74.72,137.07,135.69,312.57,1,-1,-1,-1
5,2431,260.52,191.27,74.44,191.43,1,-1,-1,-1
6,2435,179.62,214.93,54.35,146.74,1,-1,-1,-1
6,2434,234.99,207.57,41.13,139.55,1,-1,-1,-1
6,2433,437.64,176.15,119.33,245.28,1,-1,-1,-1
6,2432,74.90,145.90,148.05,311.05,1,-1,-1,-1
6,2431,253.77,188.61,67.84,188.08,1,-1,-1,-1
7,2435,185.24,224.91,52.85,135.38,1,-1,-1,-1
7,2433,446.28,174.96,114.71,247.47,1,-1,-1,-1
7,2432,78.93,142.87,160.61,313.68,1,-1,-1,-1
7,2431,244.17,189.26,67.30,182.54,1,-1,-1,-1
8,2435,196.22,222.90,49.74,134.73,1,-1,-1,-1
8,2433,458.24,179.80,104.69,246.08,1,-1,-1,-1
8,2432,104.20,149.98,145.71,302.98,1,-1,-1,-1
8,2431,241.16,186.70,65.31,188.80,1,-1,-1,-1
9,2435,203.58,224.13,41.71,125.02,1,-1,-1,-1
9,2433,466.77,174.02,96.89,243.29,1,-1,-1,-1
9,2432,117.91,153.13,119.18,280.33,1,-1,-1,-1
9,2431,238.69,183.78,66.06,195.64,1,-1,-1,-1
10,2435,206.52,221.82,38.36,128.01,1,-1,-1,-1
10,2433,482.39,175.92,88.89,241.54,1,-1,-1,-1
10,2432,127.31,155.35,100.96,252.23,1,-1,-1,-1
10,2431,232.04,182.75,70.85,201.86,1,-1,-1,-1
11,2433,487.79,168.20,89.09,248.63,1,-1,-1,-1
11,2432,142.56,174.09,102.62,258.70,1,-1,-1,-1
11,2431,224.51,187.57,76.77,200.22,1,-1,-1,-1
12,2433,494.93,167.18,89.45,252.92,1,-1,-1,-1
12,2432,152.28,167.03,99.18,264.05,1,-1,-1,-1
12,2431,219.46,183.17,81.90,201.67,1,-1,-1,-1
13,2433,503.26,165.53,91.64,255.11,1,-1,-1,-1
13,2432,161.99,160.62,100.63,274.51,1,-1,-1,-1
13,2431,217.75,188.25,82.17,197.52,1,-1,-1,-1
14,2433,506.45,164.77,96.74,259.75,1,-1,-1,-1
14,2432,170.36,148.65,112.76,288.08,1,-1,-1,-1
15,2433,512.74,164.45,98.80,259.48,1,-1,-1,-1
15,2432,176.37,150.69,110.91,289.77,1,-1,-1,-1
16,2440,283.30,210.45,50.43,134.84,1,-1,-1,-1
16,2433,516.62,168.29,102.42,259.20,1,-1,-1,-1
16,2432,176.45,150.52,111.99,294.36,1,-1,-1,-1
17,2440,286.65,202.99,56.99,144.51,1,-1,-1,-1
17,2433,519.14,170.65,105.25,261.90,1,-1,-1,-1
17,2432,183.07,153.08,109.88,294.38,1,-1,-1,-1
18,2440,293.18,203.10,54.44,142.46,1,-1,-1,-1
18,2433,527.44,166.25,102.28,261.98,1,-1,-1,-1
18,2432,183.73,159.90,114.80,295.46,1,-1,-1,-1
19,2440,293.57,203.63,52.53,142.18,1,-1,-1,-1
19,2433,537.36,162.14,101.02,265.52,1,-1,-1,-1
19,2432,190.53,158.42,115.65,299.05,1,-1,-1,-1
20,2440,297.20,204.38,52.85,146.16,1,-1,-1,-1
20,2433,540.08,161.93,100.24,263.26,1,-1,-1,-1
20,2432,206.03,164.34,119.79,287.62,1,-1,-1,-1
21,2441,163.40,166.37,59.54,227.72,1,-1,-1,-1
21,2440,305.67,209.85,52.75,144.35,1,-1,-1,-1
21,2433,549.94,160.11,94.49,262.32,1,-1,-1,-1
21,2432,214.33,156.83,121.08,285.86,1,-1,-1,-1
22,2441,153.99,166.10,64.79,231.15,1,-1,-1,-1
22,2440,310.71,206.59,55.38,147.94,1,-1,-1,-1
22,2433,560.20,159.00,86.86,262.75,1,-1,-1,-1
22,2432,219.43,166.72,132.08,283.51,1,-1,-1,-1
23,2441,145.42,170.17,61.48,224.95,1,-1,-1,-1
23,2440,314.53,208.58,54.45,145.94,1,-1,-1,-1
23,2433,570.14,160.17,78.23,255.34,1,-1,-1,-1
23,2432,227.01,166.24,136.71,285.44,1,-1,-1,-1
24,2443,-2.40,189.95,49.13,211.59,1,-1,-1,-1
24,2441,131.23,161.24,73.81,233.83,1,-1,-1,-1
24,2440,319.71,206.77,55.54,146.50,1,-1,-1,-1
24,2433,579.02,154.40,68.77,235.73,1,-1,-1,-1
24,2432,234.82,169.98,136.47,285.50,1,-1,-1,-1
25,2443,-2.92,186.33,50.55,238.38,1,-1,-1,-1
25,2441,127.57,165.62,76.45,232.55,1,-1,-1,-1
25,2433,586.79,148.72,59.75,212.63,1,-1,-1,-1
25,2432,244.55,173.50,131.12,284.87,1,-1,-1,-1
26,2445,245.49,175.70,44.75,122.38,1,-1,-1,-1
26,2443,-1.32,174.91,52.76,260.08,1,-1,-1,-1
26,2441,121.16,164.03,82.88,238.85,1,-1,-1,-1
26,2433,593.56,148.86,52.85,186.50,1,-1,-1,-1
26,2432,261.43,168.37,121.27,288.74,1,-1,-1,-1
27,2445,248.30,176.95,36.76,93.45,1,-1,-1,-1
27,2443,0.48,171.42,56.15,274.39,1,-1,-1,-1
27,2441,112.78,160.87,89.33,243.75,1,-1,-1,-1
27,2432,279.22,165.27,107.50,288.71,1,-1,-1,-1
28,2445,251.66,185.42,32.83,78.99,1,-1,-1,-1
28,2443,2.67,159.92,60.08,284.63,1,-1,-1,-1
28,2441,101.11,154.59,96.28,244.87,1,-1,-1,-1
28,2432,288.66,160.07,104.90,290.33,1,-1,-1,-1
29,2445,255.53,191.32,30.13,73.64,1,-1,-1,-1
29,2443,4.00,159.38,63.24,288.43,1,-1,-1,-1
29,2441,97.59,160.55,94.66,240.15,1,-1,-1,-1
29,2432,297.17,159.84,105.19,290.58,1,-1,-1,-1
30,2449,235.37,218.01,87.78,144.69,1,-1,-1,-1
30,2445,262.75,195.77,27.10,64.37,1,-1,-1,-1
30,2443,6.13,154.61,71.87,288.10,1,-1,-1,-1
30,2441,88.49,166.74,98.68,234.87,1,-1,-1,-1
30,2432,301.87,157.30,105.81,289.62,1,-1,-1,-1
31,2449,233.42,224.93,88.14,143.32,1,-1,-1,-1
31,2443,7.65,157.11,75.36,288.17,1,-1,-1,-1
31,2441,76.87,169.64,93.91,233.68,1,-1,-1,-1
31,2432,305.41,162.03,109.87,290.72,1,-1,-1,-1
32,2450,289.41,195.01,29.86,80.28,1,-1,-1,-1
32,2449,243.98,209.51,81.20,149.34,1,-1,-1,-1
32,2443,9.71,162.21,80.70,280.53,1,-1,-1,-1
32,2441,69.52,172.01,85.00,232.84,1,-1,-1,-1
32,2432,309.40,152.66,122.32,305.81,1,-1,-1,-1
33,2449,250.81,205.56,75.82,151.77,1,-1,-1,-1
33,2443,11.93,162.55,89.39,282.02,1,-1,-1,-1
33,2441,63.10,177.98,88.21,234.10,1,-1,-1,-1
33,2432,311.67,152.79,129.35,305.54,1,-1,-1,-1
34,2449,256.23,199.32,81.90,155.15,1,-1,-1,-1
34,2441,35.60,180.71,101.51,236.83,1,-1,-1,-1
34,2432,323.76,155.37,130.26,304.99,1,-1,-1,-1
35,2449,264.07,201.78,73.68,148.70,1,-1,-1,-1
35,2441,24.97,180.39,106.06,244.03,1,-1,-1,-1
35,2432,328.91,161.57,130.93,301.84,1,-1,-1,-1
36,2449,269.96,200.11,71.53,152.58,1,-1,-1,-1
36,2441,20.59,181.73,113.19,248.81,1,-1,-1,-1
36,2432,341.40,161.24,129.63,302.53,1,-1,-1,-1
37,2449,276.30,197.29,70.50,155.94,1,-1,-1,-1
37,2441,20.92,182.19,110.57,244.34,1,-1,-1,-1
37,2432,358.00,158.66,123.32,304.63,1,-1,-1,-1
38,2449,282.07,195.35,69.66,164.96,1,-1,-1,-1
38,2441,21.20,169.31,106.71,253.75,1,-1,-1,-1
38,2432,370.99,158.68,120.82,307.75,1,-1,-1,-1
39,2449,286.46,189.95,68.36,170.20,1,-1,-1,-1
39,2441,26.18,164.85,106.94,259.50,1,-1,-1,-1
39,2432,381.77,149.71,113.86,311.86,1,-1,-1,-1
40,2449,290.47,191.96,68.90,172.39,1,-1,-1,-1
40,2441,19.29,158.39,111.33,268.49,1,-1,-1,-1
40,2432,397.17,147.17,106.73,312.36,1,-1,-1,-1
41,2449,298.12,191.77,63.65,163.83,1,-1,-1,-1
41,2441,11.97,154.14,112.53,270.27,1,-1,-1,-1
41,2432,401.13,143.36,104.64,314.24,1,-1,-1,-1
42,2449,300.37,194.30,67.09,170.19,1,-1,-1,-1
42,2441,3.74,155.11,114.03,271.57,1,-1,-1,-1
42,2432,411.18,145.13,104.08,313.36,1,-1,-1,-1
43,2454,96.48,163.21,78.48,265.02,1,-1,-1,-1
43,2449,305.27,194.99,69.42,174.84,1,-1,-1,-1
43,2441,-0.91,153.13,111.13,266.42,1,-1,-1,-1
43,2432,419.35,146.69,106.14,308.53,1,-1,-1,-1
44,2454,103.07,155.01,85.48,280.93,1,-1,-1,-1
44,2449,307.56,198.35,72.87,169.43,1,-1,-1,-1
44,2441,-6.93,160.02,103.81,260.22,1,-1,-1,-1
44,2432,424.39,143.26,108.68,315.20,1,-1,-1,-1
45,2454,109.64,163.55,92.37,276.86,1,-1,-1,-1
45,2449,308.24,196.33,74.54,174.21,1,-1,-1,-1
45,2441,-8.12,159.10,97.69,258.12,1,-1,-1,-1
45,2432,425.48,145.30,111.55,315.14,1,-1,-1,-1
46,2454,109.71,160.89,97.37,280.94,1,-1,-1,-1
46,2449,307.85,195.25,75.28,174.92,1,-1,-1,-1
46,2441,-9.01,160.38,90.25,260.48,1,-1,-1,-1
46,2432,430.93,137.90,117.06,317.17,1,-1,-1,-1
47,2454,113.99,153.66,103.19,283.02,1,-1,-1,-1
47,2449,312.12,192.53,77.21,176.44,1,-1,-1,-1
47,2441,-12.28,151.63,79.94,248.05,1,-1,-1,-1
47,2432,435.55,137.45,125.27,319.20,1,-1,-1,-1
48,2454,122.83,161.08,110.10,277.46,1,-1,-1,-1
48,2449,316.58,190.77,80.95,174.91,1,-1,-1,-1
48,2441,-13.77,144.95,70.45,227.15,1,-1,-1,-1
48,2432,442.83,139.39,131.96,323.79,1,-1,-1,-1
49,2454,130.39,166.45,109.94,274.04,1,-1,-1,-1
49,2449,318.23,197.29,79.61,169.49,1,-1,-1,-1
49,2432,444.20,144.01,134.01,320.03,1,-1,-1,-1
50,2454,133.00,169.59,113.43,272.11,1,-1,-1,-1
50,2449,320.05,196.87,78.89,168.88,1,-1,-1,-1
50,2432,452.46,150.23,134.22,315.56,1,-1,-1,-1
51,2454,140.16,172.95,115.92,269.97,1,-1,-1,-1
51,2449,324.26,197.64,81.24,167.94,1,-1,-1,-1
51,2432,460.86,150.36,137.16,313.96,1,-1,-1,-1
52,2454,154.97,175.64,111.01,263.78,1,-1,-1,-1
52,2449,332.93,199.68,82.68,169.57,1,-1,-1,-1
52,2432,473.20,156.50,134.22,313.54,1,-1,-1,-1
53,2454,164.80,156.93,107.47,223.83,1,-1,-1,-1
53,2449,334.54,201.41,82.44,168.70,1,-1,-1,-1
53,2432,484.57,153.72,129.58,314.31,1,-1,-1,-1
54,2454,177.50,175.97,102.62,232.47,1,-1,-1,-1
54,2449,341.42,196.16,79.67,170.33,1,-1,-1,-1
54,2432,493.62,153.89,127.67,311.24,1,-1,-1,-1
55,2458,482.46,201.48,57.59,152.30,1,-1,-1,-1
55,2454,186.19,185.98,96.29,237.40,1,-1,-1,-1
55,2449,347.87,194.89,76.48,171.47,1,-1,-1,-1
55,2432,506.54,148.24,124.34,313.20,1,-1,-1,-1
56,2458,490.52,199.23,71.98,163.41,1,-1,-1,-1
56,2454,195.71,178.78,96.25,243.17,1,-1,-1,-1
56,2449,350.44,194.49,73.07,164.84,1,-1,-1,-1
56,2432,516.69,145.45,117.92,311.29,1,-1,-1,-1
57,2458,492.97,200.35,77.90,161.78,1,-1,-1,-1
57,2454,204.38,175.07,94.36,246.15,1,-1,-1,-1
57,2449,357.60,199.26,72.96,163.75,1,-1,-1,-1
57,2432,524.07,148.92,115.21,310.57,1,-1,-1,-1
58,2458,495.00,203.83,77.19,156.83,1,-1,-1,-1
58,2454,211.07,172.09,98.27,251.19,1,-1,-1,-1
58,2449,362.34,202.69,73.53,166.24,1,-1,-1,-1
58,2432,533.10,153.78,111.46,307.03,1,-1,-1,-1
59,2458,496.04,213.44,75.94,152.39,1,-1,-1,-1
59,2454,219.17,174.35,108.12,252.16,1,-1,-1,-1
59,2449,367.25,198.54,72.83,168.27,1,-1,-1,-1
59,2432,542.75,149.56,104.19,307.60,1,-1,-1,-1
60,2458,502.51,214.64,71.52,147.24,1,-1,-1,-1
60,2454,228.99,173.82,117.67,252.77,1,-1,-1,-1
60,2449,369.13,200.32,75.75,169.77,1,-1,-1,-1
60,2432,541.99,155.07,103.19,308.86,1,-1,-1,-1
61,2458,511.59,213.29,68.64,144.23,1,-1,-1,-1
61,2454,232.05,178.11,126.04,252.04,1,-1,-1,-1
61,2449,370.03,196.66,76.69,164.59,1,-1,-1,-1
61,2432,539.64,155.66,103.67,311.65,1,-1,-1,-1
62,2458,515.25,206.12,65.42,143.18,1,-1,-1,-1
62,2454,232.84,184.63,130.01,252.16,1,-1,-1,-1
62,2449,371.68,200.98,75.87,163.68,1,-1,-1,-1
62,2432,543.28,164.36,101.12,304.56,1,-1,-1,-1
63,2458,525.69,204.20,60.76,142.20,1,-1,-1,-1
63,2454,243.18,182.83,126.42,253.92,1,-1,-1,-1
63,2449,382.36,202.96,73.19,167.19,1,-1,-1,-1
63,2432,542.56,173.67,99.71,294.56,1,-1,-1,-1
64,2458,529.70,206.31,56.82,140.46,1,-1,-1,-1
64,2454,260.25,179.50,117.29,257.08,1,-1,-1,-1
64,2449,383.14,200.60,70.94,165.62,1,-1,-1,-1
65,2458,534.10,208.06,54.54,139.57,1,-1,-1,-1
65,2454,276.53,174.32,109.08,259.10,1,-1,-1,-1
65,2449,390.47,202.97,71.62,165.07,1,-1,-1,-1
66,2458,538.47,208.97,54.94,138.33,1,-1,-1,-1
66,2454,288.73,172.22,104.43,265.29,1,-1,-1,-1
66,2449,398.32,201.81,71.74,165.82,1,-1,-1,-1
67,2458,546.22,214.36,52.28,134.72,1,-1,-1,-1
67,2454,301.23,155.06,100.84,242.64,1,-1,-1,-1
67,2449,398.81,200.90,75.71,164.60,1,-1,-1,-1
68,2458,551.40,216.77,54.22,136.01,1,-1,-1,-1
68,2454,309.53,174.13,100.85,246.13,1,-1,-1,-1
68,2449,404.23,201.22,73.73,162.08,1,-1,-1,-1
69,2458,555.57,220.91,55.01,130.60,1,-1,-1,-1
69,2454,316.11,179.34,102.34,251.85,1,-1,-1,-1
69,2449,409.53,201.98,76.04,166.03,1,-1,-1,-1
70,2458,558.36,220.45,56.36,131.37,1,-1,-1,-1
70,2454,323.24,174.94,103.43,258.49,1,-1,-1,-1
70,2449,410.13,199.01,76.63,171.38,1,-1,-1,-1
71,2458,558.12,217.98,64.32,134.40,1,-1,-1,-1
71,2454,327.56,181.05,104.89,255.20,1,-1,-1,-1
71,2449,418.31,200.16,76.00,169.73,1,-1,-1,-1
